图1: deep100M_100
memory1000 = [45172, 44684, 44196, 43708, 43220, 42732, 42244, 41756, 41316, 40780, 40316, 39804, 39560]
recall100_1024_1000 = [0.935708, 0.934407, 0.932844, 0.931062, 0.928558, 0.926709, 0.923522, 0.920334, 0.91575, 0.90587, 0.890716, 0.842767, 0.80257]

memory5000 = [45056, 44688, 44200, 43712, 43224, 42736, 42248, 41760, 41320, 40784, 40320, 39808, 39564]
recall100_1024_5000 = [0.932979, 0.932251, 0.93209, 0.930115, 0.928961, 0.926826, 0.923509, 0.92242, 0.918812, 0.913645, 0.905614, 0.884688, 0.851063]

memory10000 = [44688, 44200, 43712, 43224, 42736, 42248, 41760, 41320, 40784, 40320, 39808, 39564]
recall100_1024_10000 = [0.92965, 0.9285, 0.926612, 0.925581, 0.924733, 0.923092, 0.921033, 0.918632, 0.914636, 0.907692, 0.890368, 0.864088]

memory_base = [45316, 44934, 44552, 44172, 43790, 43408, 43026, 42646, 42264, 41882, 41500, 41120, 40738, 40356, 39974, 39594, 39212, 38830, 38448, 38068, 37686, 37304, 36924, 36542, 36160, 35778, 35398, 35016, 34634, 34252, 33872, 33490, 33108]
recall100_1024_base = [0.95978, 0.955049, 0.95035, 0.945591, 0.939949, 0.933798, 0.9271, 0.920526, 0.912955, 0.904031, 0.894612, 0.884864, 0.873414, 0.862383, 0.850149, 0.835858, 0.822767, 0.807669, 0.7914, 0.77466, 0.758153, 0.739856, 0.720537, 0.698566, 0.674791, 0.650268, 0.627126, 0.604035, 0.575768, 0.549276, 0.523748, 0.494658, 0.468083]


图2: deep100M_1000
memory1000 = [45172, 44684, 44196, 43708, 43220, 42732, 42244, 41756, 41316, 40780, 40316, 39804, 39560]
recall1000_1024_1000 = [0.829935, 0.825044, 0.819745, 0.813554, 0.805817, 0.797166, 0.785778, 0.772636, 0.756881, 0.72941, 0.690176, 0.595691, 0.522652]

memory5000 = [45056, 44688, 44200, 43712, 43224, 42736, 42248, 41760, 41320, 40784, 40320, 39808, 39564]
recall1000_1024_5000 = [0.83958, 0.837153, 0.833338, 0.828471, 0.822838, 0.815639, 0.806877, 0.796659, 0.783439, 0.762246, 0.732692, 0.671427, 0.6027]

memory10000 = [44688, 44200, 43712, 43224, 42736, 42248, 41760, 41320, 40784, 40320, 39808, 39564]
recall1000_1024_10000 = [0.839554, 0.835214, 0.830245, 0.825012, 0.818907, 0.811228, 0.801564, 0.78984, 0.769704, 0.742709, 0.686153, 0.624744]

memory_base = [45316, 44934, 44552, 44172, 43790, 43408, 43026, 42646, 42264, 41882, 41500, 41120, 40738, 40356, 39974, 39594, 39212, 38830, 38448, 38068, 37686, 37304, 36924, 36542, 36160, 35778, 35398, 35016, 34634, 34252, 33872, 33490, 33108]
recall1000_1024_base = [0.598256, 0.58753, 0.576391, 0.56673, 0.556647, 0.546718, 0.535853, 0.525811, 0.51565, 0.504386, 0.492887, 0.48205, 0.470681, 0.45996, 0.44877, 0.436601, 0.425587, 0.413741, 0.401144, 0.389073, 0.377391, 0.364902, 0.352342, 0.338379, 0.324164, 0.30968, 0.296558, 0.283928, 0.269102, 0.255617, 0.24267, 0.228319, 0.215364]