memory1000 = [45172, 44684, 44196, 43708, 43220, 42732, 42244, 41756, 41316, 40780, 40316, 39804, 39560]
compute1000 = [87.1016, 87.4068, 86.9309, 86.3499, 85.6435, 84.8123, 83.749, 82.3992, 80.7899, 77.9382, 73.8059, 64.1446, 56.1065]

memory5000 = [45056, 44688, 44200, 43712, 43224, 42736, 42248, 41760, 41320, 40784, 40320, 39808, 39564]
compute5000 = [88.8717, 88.6375, 88.2499, 87.8009, 87.2608, 86.568, 85.7255, 84.6644, 83.3469, 81.1171, 77.9664, 71.0546, 63.465]

memory10000 = [44688, 44200, 43712, 43224, 42736, 42248, 41760, 41320, 40784, 40320, 39808, 39564]
compute10000 = [88.9342, 88.5491, 88.0872, 87.5816, 86.9516, 86.1761, 85.1739, 83.9764, 81.852, 78.858, 72.2951, 65.1154]

memory_base = [45316, 44934, 44552, 44172, 43790, 43408, 43026, 42646, 42264, 41882, 41500, 41120, 40738, 40356, 39974, 39594, 39212, 38830, 38448, 38068, 37686, 37304, 36924, 36542, 36160, 35778, 35398, 35016, 34634, 34252, 33872, 33490, 33108]
compute_base = [52, 51, 50, 49, 48, 47, 46, 45, 44, 43, 42, 41, 40, 39, 38, 37, 36, 35, 34, 33, 32, 31, 30, 29, 28, 27, 26, 25, 24, 23, 22, 21, 20]
