图3: sift100M_100
memory1000 = [44856, 44488, 44124, 43756, 43392, 42840, 42364, 41852, 41340, 40864, 40352, 39912, 39544]
recall100_1024_1000 = [0.985257, 0.984702, 0.984119, 0.983271, 0.982269, 0.980882, 0.979248, 0.977015, 0.973799, 0.969588, 0.962101, 0.951609, 0.941363]

memory5000 = [44858, 44490, 44126, 43758, 43394, 42842, 42366, 41854, 41342, 40866, 40354, 39914, 39546]
recall100_1024_5000 = [0.988357, 0.988129, 0.987677, 0.987197, 0.986644, 0.985635, 0.984538, 0.982944, 0.980824, 0.977989, 0.973264, 0.964985, 0.946418]

memory10000 = [44862, 44494, 44130, 43762, 43398, 42846, 42370, 41858, 41346, 40870, 40358, 39918, 39550]
recall100_1024_10000 = [0.98929, 0.988978, 0.988659, 0.988218, 0.987709, 0.986926, 0.985919, 0.984528, 0.982781, 0.980037, 0.975793, 0.968375, 0.950939]

memory_base = [45316, 44934, 44552, 44172, 43790, 43408, 43026, 42646, 42264, 41882, 41500, 41120, 40738, 40356, 39974, 39594, 39212, 38830, 38448, 38068, 37686, 37304, 36924, 36542, 36160, 35778, 35398, 35016, 34634, 34252, 33872, 33490, 33108]
recall100_1024_base = [0.987108, 0.986556, 0.98611, 0.985428, 0.984774, 0.983868, 0.982903, 0.981684, 0.98018, 0.978479, 0.977355, 0.975242, 0.973151, 0.969046, 0.965203, 0.961532, 0.957322, 0.952148, 0.94544, 0.937584, 0.93139, 0.922965, 0.916066, 0.908765, 0.900252, 0.88304, 0.866817, 0.849012, 0.83196, 0.807628, 0.778179, 0.746073, 0.722078]


图4: sift100M_1000
memory1000 = [44856, 44488, 44124, 43756, 43392, 42840, 42364, 41852, 41340, 40864, 40352, 39912, 39544]
recall1000_1024_1000 = [0.899014, 0.893664, 0.887687, 0.880671, 0.872582, 0.857794, 0.842012, 0.820857, 0.793611, 0.760051, 0.709101, 0.641197, 0.597245]

memory5000 = [44858, 44490, 44126, 43758, 43394, 42842, 42366, 41854, 41342, 40866, 40354, 39914, 39546]
recall1000_1024_5000 = [0.925069, 0.922827, 0.919876, 0.916275, 0.912006, 0.903576, 0.893519, 0.878872, 0.858135, 0.830832, 0.786287, 0.722686, 0.615903]

memory10000 = [44862, 44494, 44130, 43762, 43398, 42846, 42370, 41858, 41346, 40870, 40358, 39918, 39550]
recall1000_1024_10000 = [0.929964, 0.928259, 0.926181, 0.923505, 0.920248, 0.913857, 0.906012, 0.893709, 0.875986, 0.8513, 0.808901, 0.747003, 0.640486]

memory_10000 = [45316, 44934, 44552, 44172, 43790, 43408, 43026, 42646, 42264, 41882, 41500, 41120, 40738, 40356, 39974, 39594, 39212, 38830, 38448, 38068, 37686, 37304, 36924, 36542, 36160, 35778, 35398, 35016, 34634, 34252, 33872, 33490, 33108]
recall1000_1024_10000 = [0.716518, 0.707958, 0.701607, 0.694136, 0.68693, 0.678948, 0.670826, 0.662394, 0.65239, 0.643229, 0.637446, 0.627943, 0.61949, 0.606661, 0.595781, 0.586259, 0.576026, 0.565149, 0.553081, 0.539886, 0.529577, 0.517396, 0.508413, 0.499541, 0.489515, 0.470853, 0.454648, 0.438774, 0.424466, 0.40467, 0.38309, 0.360518, 0.34523]
