1 0.108731
2 0.123765
3 0.154939
4 0.202816
5 0.244692
6 0.298397
7 0.357907
8 0.415056
9 0.467569
10 0.518414
11 0.567006
12 0.620342
13 0.664211
14 0.699177
15 0.726603
16 0.755264
17 0.779311
18 0.800563
19 0.815706
20 0.828488
21 0.839796
22 0.855546
23 0.869887
24 0.882821
25 0.894866
26 0.903076
27 0.907517
28 0.916681
29 0.922162
30 0.929333
31 0.935594
32 0.939775
33 0.945299
34 0.949242
35 0.953163
36 0.957084
37 0.961135
38 0.96432
39 0.968782
40 0.971187
41 0.972682
42 0.976062
43 0.977513
44 0.979896
45 0.981304
46 0.982409
47 0.984315
48 0.985095
49 0.985962
50 0.987652
51 0.988497
52 0.989753
53 0.990555
